%YAML:1.0
---
...
---
...
---
M: !!opencv-matrix
   rows: 3
   cols: 3
   dt: d
   data: [ 1.7181609605168815e+03, 0., 8.7190148815084797e+02, 0.,
       1.6792113819174929e+03, 4.8853912940151173e+02, 0., 0., 1. ]
D: !!opencv-matrix
   rows: 1
   cols: 5
   dt: d
   data: [ 2.5183289451573232e-01, -2.0838446114423648e+00,
       -4.5262389604814584e-03, -7.3846552093430340e-04,
       5.6606312072534957e+00 ]
NM: !!opencv-matrix
   rows: 3
   cols: 3
   dt: d
   data: [ 1.7906741943359375e+03, 0., 8.8965860800974042e+02, 0.,
       1.6922426757812500e+03, 4.8568232319116942e+02, 0., 0., 1. ]
...
---
M: !!opencv-matrix
   rows: 3
   cols: 3
   dt: d
   data: [ 1.6923585201987178e+03, 0., 9.1540678775011406e+02, 0.,
       1.7008027918389139e+03, 4.8808798502671124e+02, 0., 0., 1. ]
D: !!opencv-matrix
   rows: 1
   cols: 5
   dt: d
   data: [ 2.2580476410589262e-01, -1.4820283948940696e+00,
       -3.7875816892330850e-03, -5.6716453421986031e-03,
       3.2846031080649607e+00 ]
NM: !!opencv-matrix
   rows: 3
   cols: 3
   dt: d
   data: [ 1.7344918212890625e+03, 0., 9.1304388641791593e+02, 0.,
       1.7129069824218750e+03, 4.8538403211731929e+02, 0., 0., 1. ]
...
---
M: !!opencv-matrix
   rows: 3
   cols: 3
   dt: d
   data: [ 1.7004043478743997e+03, 0., 9.3294465958973456e+02, 0.,
       1.7124219106708740e+03, 4.8337198924867442e+02, 0., 0., 1. ]
D: !!opencv-matrix
   rows: 1
   cols: 5
   dt: d
   data: [ 1.8294660891844380e-01, -1.1352778781766881e+00,
       -4.6241325349177052e-03, -6.2499880591445640e-03,
       2.2923668003773088e+00 ]
NM: !!opencv-matrix
   rows: 3
   cols: 3
   dt: d
   data: [ 1.7259096679687500e+03, 0., 9.2554703246575082e+02, 0.,
       1.7191987304687500e+03, 4.7991306044721568e+02, 0., 0., 1. ]
...
---
M: !!opencv-matrix
   rows: 3
   cols: 3
   dt: d
   data: [ 1.7056391216377035e+03, 0., 9.3811264078684053e+02, 0.,
       1.7188014213117674e+03, 4.7831865311212857e+02, 0., 0., 1. ]
D: !!opencv-matrix
   rows: 1
   cols: 5
   dt: d
   data: [ 1.7379201142165668e-01, -1.0514454769793684e+00,
       -5.8427344191839831e-03, -6.6915786322204488e-03,
       2.0442128475973722e+00 ]
NM: !!opencv-matrix
   rows: 3
   cols: 3
   dt: d
   data: [ 1.7269609375000000e+03, 0., 9.2913666691165417e+02, 0.,
       1.7238428955078125e+03, 4.7404355191294962e+02, 0., 0., 1. ]
...
---
M: !!opencv-matrix
   rows: 3
   cols: 3
   dt: d
   data: [ 1.7095170781636443e+03, 0., 9.4253472381199788e+02, 0.,
       1.7256519768787805e+03, 4.6527868796514417e+02, 0., 0., 1. ]
D: !!opencv-matrix
   rows: 1
   cols: 5
   dt: d
   data: [ 1.4812304678711097e-01, -9.2259704166575562e-01,
       -7.9887044897119300e-03, -9.3382053869264167e-03,
       1.7357449144427315e+00 ]
NM: !!opencv-matrix
   rows: 3
   cols: 3
   dt: d
   data: [ 1.7217896728515625e+03, 0., 9.2879150699807360e+02, 0.,
       1.7206964111328125e+03, 4.5910490664204190e+02, 0., 0., 1. ]
...
---
M: !!opencv-matrix
   rows: 3
   cols: 3
   dt: d
   data: [ 1.7178393384565059e+03, 0., 9.3791430341072999e+02, 0.,
       1.7309042219908024e+03, 4.7359458070876417e+02, 0., 0., 1. ]
D: !!opencv-matrix
   rows: 1
   cols: 5
   dt: d
   data: [ 1.6579234527915371e-01, -1.0349587689012183e+00,
       -7.9997561462413786e-03, -7.4229912347530446e-03,
       2.1307126486832040e+00 ]
NM: !!opencv-matrix
   rows: 3
   cols: 3
   dt: d
   data: [ 1.7407176513671875e+03, 0., 9.2825579986947560e+02, 0.,
       1.7334346923828125e+03, 4.6812078750730507e+02, 0., 0., 1. ]
...
---
M: !!opencv-matrix
   rows: 3
   cols: 3
   dt: d
   data: [ 1.7210293923205813e+03, 0., 9.4680897026206799e+02, 0.,
       1.7336897522019390e+03, 4.7622196910255894e+02, 0., 0., 1. ]
D: !!opencv-matrix
   rows: 1
   cols: 5
   dt: d
   data: [ 1.5654339579324694e-01, -9.0288247779864950e-01,
       -7.5375302955862627e-03, -5.7230482892399598e-03,
       1.7113929145451612e+00 ]
NM: !!opencv-matrix
   rows: 3
   cols: 3
   dt: d
   data: [ 1.7398273925781250e+03, 0., 9.3846410778912832e+02, 0.,
       1.7377568359375000e+03, 4.7110321029220358e+02, 0., 0., 1. ]
...
---
M: !!opencv-matrix
   rows: 3
   cols: 3
   dt: d
   data: [ 1.7236670889389834e+03, 0., 9.4490053122072675e+02, 0.,
       1.7355489734085286e+03, 4.7704699459833955e+02, 0., 0., 1. ]
D: !!opencv-matrix
   rows: 1
   cols: 5
   dt: d
   data: [ 1.7059573650578563e-01, -9.3681426464161799e-01,
       -7.5341183888525225e-03, -4.7404313069304817e-03,
       1.7332816186197464e+00 ]
NM: !!opencv-matrix
   rows: 3
   cols: 3
   dt: d
   data: [ 1.7453059082031250e+03, 0., 9.3813484022553894e+02, 0.,
       1.7428123779296875e+03, 4.7233139281839976e+02, 0., 0., 1. ]
...
---
M: !!opencv-matrix
   rows: 3
   cols: 3
   dt: d
   data: [ 1.7295592350401773e+03, 0., 9.4957546533064465e+02, 0.,
       1.7429992022383205e+03, 4.7478769719339380e+02, 0., 0., 1. ]
D: !!opencv-matrix
   rows: 1
   cols: 5
   dt: d
   data: [ 1.5438493941884240e-01, -8.2973103395470438e-01,
       -7.3990101382171792e-03, -5.6742495409721821e-03,
       1.4745874518447970e+00 ]
NM: !!opencv-matrix
   rows: 3
   cols: 3
   dt: d
   data: [ 1.7466857910156250e+03, 0., 9.4086558600793069e+02, 0.,
       1.7466783447265625e+03, 4.6955891711737058e+02, 0., 0., 1. ]
...
---
M: !!opencv-matrix
   rows: 3
   cols: 3
   dt: d
   data: [ 1.7342735614427731e+03, 0., 9.5377524872284016e+02, 0.,
       1.7492143044923857e+03, 4.7621714448878669e+02, 0., 0., 1. ]
D: !!opencv-matrix
   rows: 1
   cols: 5
   dt: d
   data: [ 1.4873797587202928e-01, -7.8375289563689698e-01,
       -6.8799897673254501e-03, -6.3018045179237432e-03,
       1.3341079213583515e+00 ]
NM: !!opencv-matrix
   rows: 3
   cols: 3
   dt: d
   data: [ 1.7487650146484375e+03, 0., 9.4375506080056221e+02, 0.,
       1.7511633300781250e+03, 4.7091810119858565e+02, 0., 0., 1. ]
...
---
M: !!opencv-matrix
   rows: 3
   cols: 3
   dt: d
   data: [ 1.7412029777595778e+03, 0., 9.5223559021764765e+02, 0.,
       1.7566880448669704e+03, 4.7156330150935446e+02, 0., 0., 1. ]
D: !!opencv-matrix
   rows: 1
   cols: 5
   dt: d
   data: [ 1.3301868096481884e-01, -6.9359948591219445e-01,
       -7.9334421914597150e-03, -7.6876501130448008e-03,
       1.1375833036008196e+00 ]
NM: !!opencv-matrix
   rows: 3
   cols: 3
   dt: d
   data: [ 1.7509759521484375e+03, 0., 9.3983366135416873e+02, 0.,
       1.7534642333984375e+03, 4.6514677820812358e+02, 0., 0., 1. ]
...
---
M: !!opencv-matrix
   rows: 3
   cols: 3
   dt: d
   data: [ 1.7449064262396807e+03, 0., 9.5003280704452243e+02, 0.,
       1.7607858475511878e+03, 4.6796283020225729e+02, 0., 0., 1. ]
D: !!opencv-matrix
   rows: 1
   cols: 5
   dt: d
   data: [ 1.2358612463042297e-01, -6.3986611129913784e-01,
       -8.7558133327337428e-03, -8.7548782217141737e-03,
       1.0169400919130156e+00 ]
NM: !!opencv-matrix
   rows: 3
   cols: 3
   dt: d
   data: [ 1.7508533935546875e+03, 0., 9.3577541616110830e+02, 0.,
       1.7537222900390625e+03, 4.6067701171601584e+02, 0., 0., 1. ]
...
---
M: !!opencv-matrix
   rows: 3
   cols: 3
   dt: d
   data: [ 1.7446224382702403e+03, 0., 9.5305716324140519e+02, 0.,
       1.7601434359556097e+03, 4.7388841106638910e+02, 0., 0., 1. ]
D: !!opencv-matrix
   rows: 1
   cols: 5
   dt: d
   data: [ 1.3014722031852730e-01, -6.9985001493419752e-01,
       -7.5329076558821343e-03, -8.3116181525433337e-03,
       1.1833442818578432e+00 ]
NM: !!opencv-matrix
   rows: 3
   cols: 3
   dt: d
   data: [ 1.7545098876953125e+03, 0., 9.3981025410128495e+02, 0.,
       1.7563259277343750e+03, 4.6763797724449978e+02, 0., 0., 1. ]
...
---
M: !!opencv-matrix
   rows: 3
   cols: 3
   dt: d
   data: [ 1.7451758001749868e+03, 0., 9.5458403935467516e+02, 0.,
       1.7611140886758412e+03, 4.7391998049918891e+02, 0., 0., 1. ]
D: !!opencv-matrix
   rows: 1
   cols: 5
   dt: d
   data: [ 1.2905306602226962e-01, -6.9254022389063918e-01,
       -7.5574402925369273e-03, -8.3075827512624021e-03,
       1.1624851200988620e+00 ]
